25 100 10
0 9
1 4
2 6
3 2
4 8
5 3
6 5
7 7
8 3
9 1
10 4
11 3
12 9
13 4
14 3
15 5
16 3
17 4
18 7
19 4
20 3
21 4
22 5
23 7
24 7
0: 16 23 10 
1: 10 12 
2: 9 14 22 
3: 1 9 12 
4: 2 16 
5: 18 5 23 
6: 16 10 17 
7: 8 16 1 
8: 0 3 15 
9: 0 11 
10: 15 22 
11: 18 11 
12: 9 18 7 
13: 19 13 
14: 5 12 10 
15: 4 23 20 
16: 10 20 6 
17: 11 6 1 
18: 6 1 
19: 21 13 1 
20: 9 8 
21: 16 13 
22: 7 12 
23: 20 6 14 
24: 7 21 16 
25: 7 3 16 
26: 24 20 0 
27: 22 8 
28: 4 16 18 
29: 20 17 6 
30: 21 16 13 
31: 19 2 23 
32: 2 7 
33: 15 23 
34: 8 3 6 
35: 14 4 
36: 15 7 
37: 9 16 19 
38: 14 1 16 
39: 6 1 
40: 24 21 
41: 6 17 14 
42: 14 8 18 
43: 21 2 
44: 11 9 
45: 2 4 7 
46: 19 22 14 
47: 10 9 22 
48: 10 0 
49: 21 11 
50: 3 11 0 
51: 5 20 
52: 6 2 
53: 4 5 
54: 20 17 
55: 7 19 
56: 24 16 10 
57: 23 11 
58: 6 0 
59: 12 15 
60: 17 16 
61: 24 12 
62: 24 1 3 
63: 5 2 8 
64: 2 23 
65: 12 15 
66: 7 4 
67: 21 7 
68: 2 9 3 
69: 9 10 
70: 7 0 
71: 10 18 3 
72: 19 8 2 
73: 19 12 8 
74: 7 6 
75: 0 18 8 
76: 8 2 22 
77: 3 14 7 
78: 20 10 11 
79: 22 6 7 
80: 4 12 
81: 15 7 19 
82: 6 17 3 
83: 24 7 
84: 23 2 11 
85: 19 15 
86: 20 15 
87: 20 12 
88: 1 15 
89: 3 18 22 
90: 20 18 
91: 12 17 
92: 16 5 1 
93: 15 18 
94: 13 5 24 
95: 5 20 
96: 20 14 
97: 11 6 4 
98: 24 23 
99: 5 12 
0: 7: 22 12 18 21 10 
1: 6: 4 3 24 
2: 12: 9 16 5 8 
3: 10: 1 
4: 15: 0 2 
5: 9: 13 
6: 14: 20 23 
7: 9: 6 11 
8: 9: 19 17 15 
9: 9: 14 7 
