25 100 10
0 8
1 6
2 7
3 6
4 3
5 1
6 5
7 4
8 4
9 3
10 2
11 2
12 4
13 5
14 12
15 2
16 3
17 6
18 7
19 6
20 7
21 3
22 5
23 6
24 3
0: 19 22 15 
1: 13 20 16 
2: 16 22 
3: 20 5 
4: 17 11 10 
5: 8 23 
6: 15 7 
7: 10 15 12 
8: 18 4 
9: 18 3 15 
10: 13 17 4 
11: 22 19 
12: 16 7 
13: 22 8 
14: 20 13 2 
15: 20 15 11 
16: 8 22 18 
17: 1 16 
18: 1 6 
19: 20 9 
20: 8 4 13 
21: 22 11 23 
22: 24 5 
23: 24 19 
24: 9 1 
25: 20 6 
26: 11 15 3 
27: 12 9 
28: 21 2 4 
29: 6 12 
30: 22 11 15 
31: 12 21 5 
32: 22 19 9 
33: 1 6 16 
34: 19 21 6 
35: 5 13 9 
36: 18 21 0 
37: 19 10 
38: 17 24 0 
39: 4 24 10 
40: 16 5 
41: 3 21 
42: 9 22 
43: 1 6 19 
44: 21 9 
45: 1 23 
46: 18 20 0 
47: 2 14 20 
48: 8 24 1 
49: 22 23 17 
50: 6 21 9 
51: 20 19 21 
52: 20 21 
53: 6 4 
54: 2 12 8 
55: 10 19 
56: 13 5 
57: 7 20 
58: 3 23 
59: 20 14 10 
60: 15 1 20 
61: 3 14 22 
62: 11 4 18 
63: 1 11 22 
64: 20 12 10 
65: 4 7 8 
66: 23 6 
67: 4 0 
68: 21 13 11 
69: 19 16 13 
70: 6 8 
71: 19 16 
72: 21 7 
73: 23 22 
74: 5 4 
75: 9 1 
76: 20 10 8 
77: 24 18 
78: 1 6 12 
79: 11 18 
80: 18 13 
81: 22 23 5 
82: 24 18 
83: 17 4 18 
84: 22 3 
85: 20 5 15 
86: 24 13 16 
87: 11 22 
88: 14 23 8 
89: 24 14 
90: 11 23 13 
91: 9 19 11 
92: 12 6 19 
93: 0 4 
94: 14 16 
95: 6 4 
96: 3 12 
97: 7 16 3 
98: 21 22 10 
99: 11 7 23 
0: 13: 14 
1: 8: 3 17 
2: 7: 18 
3: 6: 10 
4: 10: 0 12 
5: 14: 22 
6: 11: 7 9 16 
7: 10: 23 13 15 1 24 5 
8: 13: 20 8 2 
9: 8: 6 21 4 11 19 
