25 100 10
0 8
1 4
2 8
3 4
4 3
5 7
6 5
7 4
8 3
9 5
10 4
11 4
12 7
13 3
14 5
15 4
16 1
17 9
18 2
19 6
20 6
21 4
22 6
23 5
24 3
0: 10 18 
1: 8 14 
2: 15 19 5 
3: 12 20 5 
4: 16 4 
5: 2 5 13 
6: 0 3 12 
7: 1 23 21 
8: 20 18 
9: 7 2 
10: 3 19 
11: 12 5 
12: 5 12 
13: 9 11 24 
14: 21 2 20 
15: 24 6 13 
16: 18 23 
17: 3 8 10 
18: 19 16 
19: 18 3 2 
20: 20 15 14 
21: 16 17 5 
22: 24 16 23 
23: 23 3 2 
24: 3 6 23 
25: 11 15 
26: 5 24 2 
27: 4 10 14 
28: 7 15 8 
29: 3 12 18 
30: 15 5 20 
31: 7 6 19 
32: 8 14 
33: 14 11 
34: 17 11 3 
35: 23 12 17 
36: 24 6 
37: 24 2 16 
38: 14 10 2 
39: 19 7 15 
40: 19 13 14 
41: 13 0 
42: 2 19 20 
43: 24 14 0 
44: 20 6 22 
45: 9 18 
46: 23 24 2 
47: 14 2 
48: 8 16 
49: 0 1 
50: 19 0 
51: 10 19 
52: 0 18 9 
53: 20 6 
54: 0 14 13 
55: 17 16 9 
56: 11 4 8 
57: 18 6 3 
58: 24 0 
59: 21 0 14 
60: 13 12 0 
61: 22 3 7 
62: 3 19 
63: 14 4 3 
64: 6 3 
65: 19 12 
66: 10 23 
67: 7 20 5 
68: 11 15 2 
69: 11 19 6 
70: 8 17 9 
71: 10 9 12 
72: 10 11 18 
73: 9 3 13 
74: 2 4 
75: 16 20 6 
76: 21 22 12 
77: 20 4 2 
78: 19 14 22 
79: 9 17 
80: 9 17 18 
81: 18 22 
82: 19 16 
83: 0 4 
84: 2 10 15 
85: 23 14 
86: 7 10 14 
87: 17 13 
88: 19 15 5 
89: 14 13 
90: 15 12 17 
91: 23 24 
92: 22 20 17 
93: 15 10 8 
94: 21 20 22 
95: 18 1 0 
96: 12 20 19 
97: 18 24 
98: 24 4 
99: 5 9 6 
0: 15: 20 15 3 21 1 
1: 13: 16 
2: 6: 23 4 
3: 9: 12 
4: 11: 17 6 18 0 
5: 11: 7 22 9 
6: 6: 5 19 
7: 8: 10 24 8 
8: 10: 11 14 
9: 11: 13 2 
