25 100 10
0 5
1 7
2 2
3 6
4 6
5 3
6 5
7 4
8 2
9 6
10 4
11 7
12 4
13 8
14 3
15 4
16 7
17 4
18 4
19 8
20 8
21 2
22 2
23 6
24 3
0: 1 12 0 
1: 2 8 
2: 12 15 
3: 4 24 15 
4: 14 3 
5: 17 16 
6: 3 5 6 
7: 5 1 24 
8: 20 13 1 
9: 6 8 
10: 17 13 
11: 14 2 
12: 7 6 
13: 14 11 
14: 24 1 21 
15: 22 16 18 
16: 4 6 
17: 11 4 
18: 5 6 0 
19: 2 5 1 
20: 23 1 
21: 2 13 
22: 22 2 6 
23: 1 2 7 
24: 5 22 0 
25: 7 15 
26: 23 15 24 
27: 20 11 
28: 7 18 
29: 20 4 18 
30: 0 7 
31: 16 13 5 
32: 14 17 18 
33: 11 10 
34: 0 8 
35: 23 2 
36: 3 19 2 
37: 11 3 9 
38: 1 18 8 
39: 8 15 
40: 14 6 
41: 23 24 5 
42: 9 4 24 
43: 15 3 7 
44: 7 8 
45: 10 21 
46: 17 11 
47: 7 6 11 
48: 6 23 13 
49: 13 7 
50: 2 14 23 
51: 2 12 18 
52: 3 14 0 
53: 1 13 
54: 9 5 1 
55: 24 4 
56: 1 15 8 
57: 15 12 22 
58: 22 4 
59: 6 1 24 
60: 18 1 
61: 17 9 
62: 5 19 
63: 6 20 
64: 16 8 0 
65: 3 6 
66: 2 7 1 
67: 2 24 11 
68: 7 19 8 
69: 20 22 
70: 3 6 11 
71: 15 8 
72: 3 20 
73: 8 1 16 
74: 21 18 23 
75: 24 8 1 
76: 10 15 6 
77: 4 12 23 
78: 0 14 
79: 22 18 1 
80: 13 4 0 
81: 13 23 3 
82: 19 12 
83: 3 21 
84: 23 10 
85: 23 8 10 
86: 12 1 
87: 9 17 6 
88: 16 12 
89: 17 21 3 
90: 18 24 22 
91: 24 14 9 
92: 7 15 
93: 6 18 5 
94: 23 18 
95: 5 21 14 
96: 4 16 
97: 8 11 
98: 7 13 
99: 3 11 
0: 8: 18 1 
1: 8: 6 
2: 3: 14 8 
3: 13: 15 3 
4: 10: 20 16 23 
5: 8: 24 21 2 
6: 13: 17 0 
7: 15: 4 11 7 
8: 13: 19 13 10 12 
9: 9: 22 9 5 
