25 100 10
0 5
1 3
2 6
3 3
4 7
5 3
6 4
7 3
8 7
9 5
10 4
11 3
12 7
13 6
14 5
15 3
16 5
17 10
18 3
19 9
20 4
21 3
22 6
23 2
24 4
0: 4 17 23 
1: 1 0 
2: 21 10 
3: 10 18 
4: 17 14 
5: 4 18 21 
6: 2 13 3 
7: 21 10 
8: 24 3 13 
9: 12 11 
10: 9 21 7 
11: 23 6 
12: 23 15 20 
13: 17 19 18 
14: 9 11 21 
15: 0 18 
16: 10 14 2 
17: 19 5 4 
18: 2 18 
19: 16 8 0 
20: 10 3 20 
21: 24 15 13 
22: 17 23 11 
23: 21 0 24 
24: 6 13 
25: 11 6 
26: 17 5 
27: 4 22 12 
28: 10 9 21 
29: 8 6 
30: 11 4 
31: 6 23 
32: 10 21 
33: 8 6 21 
34: 11 18 15 
35: 1 8 23 
36: 10 14 
37: 10 16 
38: 11 20 
39: 1 22 15 
40: 4 12 
41: 1 22 7 
42: 22 19 
43: 21 10 16 
44: 8 3 
45: 1 16 4 
46: 16 11 
47: 4 6 1 
48: 4 22 
49: 24 6 
50: 23 4 19 
51: 16 10 
52: 7 23 24 
53: 14 9 
54: 9 10 11 
55: 10 12 
56: 18 1 
57: 24 22 5 
58: 8 23 
59: 4 0 
60: 21 5 
61: 17 20 11 
62: 19 7 21 
63: 1 19 0 
64: 2 7 13 
65: 14 15 6 
66: 20 3 
67: 15 7 5 
68: 23 15 
69: 4 20 17 
70: 1 8 11 
71: 16 9 
72: 8 18 
73: 2 18 8 
74: 12 11 20 
75: 16 20 
76: 18 2 
77: 13 3 
78: 8 1 23 
79: 21 19 
80: 15 1 
81: 17 12 
82: 7 14 4 
83: 21 1 
84: 20 15 10 
85: 16 9 
86: 0 24 3 
87: 8 5 
88: 20 7 14 
89: 11 0 3 
90: 22 11 
91: 23 8 13 
92: 19 18 22 
93: 1 15 5 
94: 6 2 21 
95: 16 13 15 
96: 13 24 
97: 21 1 
98: 3 21 13 
99: 20 14 18 
0: 7: 8 4 
1: 7: 6 9 17 
2: 12: 15 23 
3: 13: 7 0 18 5 
4: 7: 22 10 13 
5: 12: 2 
6: 12: 14 
7: 13: 12 
8: 8: 20 1 
9: 9: 3 11 16 19 21 24 
