25 100 10
0 5
1 6
2 5
3 2
4 3
5 8
6 4
7 1
8 8
9 5
10 5
11 2
12 6
13 5
14 5
15 5
16 8
17 5
18 2
19 3
20 5
21 3
22 5
23 10
24 4
0: 6 1 13 
1: 7 4 2 
2: 15 16 
3: 5 19 22 
4: 18 11 
5: 14 21 20 
6: 0 9 7 
7: 6 17 
8: 21 1 22 
9: 1 9 20 
10: 6 23 11 
11: 12 15 23 
12: 16 5 0 
13: 16 24 
14: 18 9 14 
15: 7 21 6 
16: 7 15 1 
17: 15 21 8 
18: 0 6 
19: 24 13 
20: 10 20 
21: 19 21 22 
22: 4 9 
23: 9 13 
24: 17 4 23 
25: 0 14 23 
26: 13 9 
27: 9 6 5 
28: 10 0 
29: 22 15 
30: 18 22 
31: 14 23 
32: 23 22 9 
33: 4 6 2 
34: 23 14 2 
35: 8 18 
36: 6 14 
37: 2 0 15 
38: 12 6 
39: 15 5 24 
40: 10 15 8 
41: 23 22 17 
42: 21 15 7 
43: 10 20 4 
44: 8 12 
45: 19 14 9 
46: 19 4 6 
47: 19 20 
48: 9 7 2 
49: 6 21 19 
50: 21 18 
51: 7 0 6 
52: 8 23 
53: 12 24 
54: 3 8 
55: 16 3 18 
56: 12 9 
57: 17 14 
58: 4 15 
59: 11 3 5 
60: 4 22 5 
61: 24 5 13 
62: 15 8 
63: 9 8 
64: 9 6 20 
65: 9 20 5 
66: 14 23 12 
67: 0 17 
68: 13 7 
69: 14 16 
70: 4 23 22 
71: 20 23 
72: 11 9 
73: 19 22 1 
74: 5 12 2 
75: 12 24 
76: 0 3 15 
77: 0 4 
78: 11 24 
79: 18 17 24 
80: 9 15 2 
81: 4 5 
82: 24 2 
83: 10 15 
84: 7 12 11 
85: 17 18 
86: 10 9 
87: 2 23 
88: 18 11 13 
89: 19 15 
90: 9 24 5 
91: 22 5 21 
92: 11 2 
93: 2 1 19 
94: 2 7 5 
95: 14 23 2 
96: 17 1 11 
97: 9 7 24 
98: 23 6 0 
99: 16 17 
0: 9: 2 1 13 
1: 6: 3 14 
2: 9: 10 
3: 14: 7 17 24 18 0 
4: 8: 5 6 12 
5: 8: 23 11 
6: 9: 21 4 
7: 15: 22 
8: 4: 19 8 9 20 
9: 18: 16 15 
