25 100 10
0 4
1 5
2 5
3 6
4 4
5 6
6 4
7 2
8 6
9 5
10 3
11 6
12 6
13 5
14 2
15 6
16 5
17 6
18 5
19 6
20 3
21 5
22 3
23 7
24 5
0: 2 8 
1: 4 7 0 
2: 1 3 23 
3: 7 23 13 
4: 22 13 
5: 7 3 20 
6: 5 13 
7: 20 15 
8: 14 11 6 
9: 19 6 15 
10: 13 10 
11: 14 20 9 
12: 7 15 14 
13: 13 9 
14: 20 1 
15: 20 13 
16: 5 16 
17: 14 16 3 
18: 21 12 
19: 13 24 18 
20: 15 22 23 
21: 6 2 20 
22: 17 3 18 
23: 21 7 20 
24: 16 17 
25: 3 21 8 
26: 22 8 21 
27: 22 21 16 
28: 10 2 
29: 8 0 21 
30: 19 12 11 
31: 20 17 
32: 12 18 10 
33: 8 20 
34: 5 16 3 
35: 7 17 11 
36: 18 23 20 
37: 1 6 
38: 4 13 16 
39: 2 15 
40: 20 12 
41: 20 4 17 
42: 2 0 
43: 18 4 
44: 24 5 
45: 17 5 15 
46: 22 21 
47: 14 24 22 
48: 16 19 24 
49: 0 13 6 
50: 12 18 7 
51: 3 9 1 
52: 11 3 
53: 13 15 22 
54: 12 8 14 
55: 22 10 
56: 13 0 
57: 10 22 
58: 19 3 22 
59: 1 15 
60: 17 6 20 
61: 23 11 
62: 13 1 
63: 5 4 
64: 24 12 
65: 8 5 
66: 7 6 2 
67: 11 8 
68: 17 21 0 
69: 16 14 
70: 10 5 23 
71: 11 16 
72: 8 18 10 
73: 22 9 23 
74: 22 13 
75: 10 1 9 
76: 20 11 18 
77: 22 24 12 
78: 23 19 
79: 1 8 3 
80: 9 20 13 
81: 14 22 23 
82: 14 2 
83: 8 18 
84: 6 13 
85: 4 19 
86: 7 18 17 
87: 18 9 
88: 20 8 
89: 19 11 
90: 7 19 6 
91: 8 24 
92: 4 10 8 
93: 12 1 24 
94: 9 0 20 
95: 15 23 
96: 2 1 
97: 18 9 
98: 15 20 
99: 6 12 24 
0: 8: 24 22 
1: 7: 1 2 15 
2: 12: 0 23 
3: 11: 17 
4: 7: 5 10 16 
5: 9: 9 4 
6: 14: 3 12 
7: 8: 6 7 
8: 12: 18 13 20 8 
9: 12: 21 14 19 11 
