25 100 10
0 6
1 4
2 3
3 8
4 4
5 3
6 3
7 8
8 9
9 6
10 1
11 2
12 1
13 5
14 4
15 7
16 4
17 9
18 4
19 2
20 4
21 8
22 4
23 6
24 5
0: 22 6 18 
1: 1 3 14 
2: 4 1 
3: 9 24 
4: 17 5 12 
5: 14 9 8 
6: 14 9 4 
7: 12 3 7 
8: 19 17 22 
9: 2 18 6 
10: 16 20 
11: 16 8 
12: 14 13 
13: 8 7 
14: 4 8 
15: 15 11 5 
16: 11 23 17 
17: 13 2 
18: 7 17 
19: 5 22 14 
20: 3 0 23 
21: 2 10 
22: 22 1 
23: 6 14 
24: 6 14 
25: 22 8 
26: 2 24 9 
27: 10 18 
28: 9 21 22 
29: 6 15 13 
30: 19 8 
31: 12 23 
32: 10 21 
33: 10 21 9 
34: 3 24 16 
35: 4 15 21 
36: 2 11 
37: 1 19 
38: 1 24 
39: 21 16 
40: 11 23 
41: 22 12 7 
42: 12 11 15 
43: 23 6 5 
44: 7 8 16 
45: 18 7 22 
46: 7 3 
47: 10 15 4 
48: 6 4 7 
49: 15 24 13 
50: 3 1 23 
51: 3 24 19 
52: 8 9 16 
53: 14 8 
54: 21 9 1 
55: 2 14 20 
56: 2 6 
57: 3 16 21 
58: 7 16 
59: 12 6 16 
60: 17 5 14 
61: 17 20 
62: 18 4 12 
63: 23 5 
64: 1 20 
65: 16 5 
66: 20 24 
67: 19 16 
68: 23 15 0 
69: 5 6 
70: 4 13 
71: 3 10 0 
72: 2 13 10 
73: 1 23 7 
74: 10 23 16 
75: 4 2 
76: 20 10 
77: 4 6 
78: 14 21 
79: 1 24 22 
80: 9 3 2 
81: 1 14 7 
82: 19 10 1 
83: 6 14 1 
84: 20 7 5 
85: 24 21 12 
86: 14 23 
87: 24 15 3 
88: 19 14 16 
89: 5 9 
90: 18 6 
91: 24 20 
92: 9 15 12 
93: 5 7 
94: 15 9 3 
95: 8 24 17 
96: 5 18 4 
97: 7 13 4 
98: 5 6 9 
99: 23 7 10 
0: 9: 13 0 22 5 3 7 
1: 10: 11 
2: 17: 1 17 9 
3: 6: 19 24 20 8 
4: 11: 10 
5: 5: 18 16 
6: 12: 4 23 14 
7: 10: 2 
8: 10: 21 6 
9: 10: 12 15 
