25 100 10
0 2
1 10
2 6
3 4
4 5
5 5
6 4
7 6
8 7
9 9
10 5
11 4
12 4
13 5
14 2
15 5
16 3
17 2
18 6
19 3
20 4
21 6
22 2
23 7
24 4
0: 0 18 
1: 8 20 4 
2: 13 12 
3: 0 24 12 
4: 9 15 
5: 24 1 2 
6: 12 3 6 
7: 7 24 
8: 10 17 5 
9: 15 20 
10: 3 13 
11: 1 12 17 
12: 21 7 
13: 6 1 
14: 7 19 
15: 9 7 
16: 6 21 
17: 20 19 
18: 15 12 22 
19: 15 16 4 
20: 21 3 
21: 10 9 
22: 3 19 12 
23: 17 3 21 
24: 15 10 1 
25: 22 14 4 
26: 17 11 3 
27: 19 22 2 
28: 20 15 19 
29: 24 21 
30: 6 10 
31: 2 11 
32: 6 0 14 
33: 12 22 23 
34: 8 14 
35: 0 18 
36: 19 4 
37: 24 11 
38: 18 16 8 
39: 20 11 3 
40: 22 14 
41: 11 4 22 
42: 18 23 8 
43: 5 14 
44: 7 18 11 
45: 16 22 
46: 18 14 
47: 18 12 13 
48: 3 10 
49: 18 15 19 
50: 1 6 4 
51: 24 12 
52: 17 20 23 
53: 13 9 
54: 3 22 
55: 24 10 21 
56: 13 10 14 
57: 19 17 
58: 0 16 21 
59: 13 3 
60: 22 23 
61: 17 23 
62: 15 19 
63: 23 19 15 
64: 9 7 
65: 19 24 
66: 13 1 19 
67: 22 24 
68: 10 17 0 
69: 14 7 
70: 23 10 3 
71: 16 7 20 
72: 2 1 
73: 21 10 
74: 13 22 12 
75: 18 9 
76: 10 14 
77: 4 21 9 
78: 22 2 
79: 19 5 
80: 17 21 13 
81: 15 11 24 
82: 1 8 17 
83: 18 23 24 
84: 14 6 3 
85: 14 6 
86: 12 13 
87: 16 8 10 
88: 3 18 21 
89: 22 24 
90: 1 6 15 
91: 22 14 6 
92: 24 23 5 
93: 15 9 4 
94: 20 23 21 
95: 15 11 8 
96: 10 20 
97: 2 11 4 
98: 5 4 
99: 2 0 
0: 8: 16 0 19 
1: 9: 2 13 21 
2: 8: 4 15 
3: 10: 7 12 17 
4: 9: 18 6 23 
5: 9: 10 14 
6: 17: 20 5 11 
7: 9: 3 8 
8: 5: 9 22 
9: 16: 24 1 
