25 100 10
0 5
1 5
2 3
3 4
4 8
5 4
6 4
7 7
8 4
9 5
10 4
11 6
12 7
13 4
14 4
15 7
16 6
17 3
18 3
19 2
20 4
21 4
22 5
23 6
24 6
0: 5 9 11 
1: 22 9 
2: 2 23 
3: 14 17 18 
4: 14 17 
5: 8 15 24 
6: 22 7 
7: 17 8 
8: 14 7 
9: 0 22 4 
10: 18 14 
11: 2 10 
12: 9 24 
13: 21 23 
14: 17 14 13 
15: 8 22 14 
16: 14 3 24 
17: 20 24 
18: 16 24 
19: 10 18 
20: 7 8 14 
21: 1 23 17 
22: 5 2 
23: 12 0 7 
24: 16 7 
25: 19 14 4 
26: 0 13 
27: 9 10 
28: 2 6 19 
29: 15 23 5 
30: 16 7 8 
31: 14 22 13 
32: 11 0 
33: 17 19 
34: 11 22 10 
35: 23 5 
36: 6 15 20 
37: 13 2 5 
38: 6 18 
39: 23 8 
40: 21 22 
41: 22 5 
42: 22 24 
43: 4 2 
44: 23 3 
45: 18 9 20 
46: 9 6 
47: 23 10 2 
48: 12 8 6 
49: 4 11 9 
50: 18 13 17 
51: 5 21 
52: 10 5 
53: 13 22 24 
54: 22 7 23 
55: 1 20 
56: 23 22 
57: 18 10 
58: 7 12 18 
59: 1 12 23 
60: 4 18 
61: 23 3 5 
62: 15 14 
63: 16 6 0 
64: 5 17 10 
65: 14 15 4 
66: 7 0 22 
67: 24 14 
68: 1 23 
69: 0 23 
70: 6 2 14 
71: 16 8 20 
72: 17 24 
73: 8 23 
74: 6 18 24 
75: 23 11 
76: 9 11 
77: 20 8 12 
78: 19 0 
79: 11 0 
80: 21 17 3 
81: 14 21 
82: 10 5 
83: 13 14 10 
84: 17 8 2 
85: 8 21 
86: 23 10 
87: 23 20 
88: 6 4 12 
89: 14 16 
90: 0 14 5 
91: 21 13 2 
92: 24 8 23 
93: 4 21 0 
94: 6 1 
95: 8 21 0 
96: 14 11 3 
97: 10 12 
98: 4 8 
99: 7 18 24 
0: 14: 20 0 5 
1: 8: 9 11 6 18 
2: 10: 22 24 
3: 8: 10 1 16 
4: 13: 7 14 
5: 9: 4 17 2 
6: 8: 8 15 23 
7: 7: 3 
8: 12: 12 21 
9: 11: 19 13 
